0 0.1640625 0.46484375 0.1265625 0.12734375
0 0.08125 0.4828125 0.06484375 0.084375
0 0.38515625 0.48828125 0.078125 0.16796875
0 0.61015625 0.378125 0.065625 0.32578125
0 0.659375 0.35703125 0.04140625 0.271875
0 0.9 0.48515625 0.0578125 0.0828125
0 0.95234375 0.46875 0.04609375 0.08203125
1 0.6484375 0.44921875 0.1484375 0.26015625
1 0.8296875 0.50546875 0.0953125 0.17890625
1 0.55390625 0.4765625 0.0453125 0.190625
1 0.4296875 0.51015625 0.11171875 0.1296875
1 0.2859375 0.48046875 0.11875 0.1453125