0 0.08203125 0.396875 0.159375 0.69453125
0 0.4609375 0.6421875 0.2109375 0.30546875
0 0.63125 0.56953125 0.09453125 0.1890625
0 0.5734375 0.5828125 0.03359375 0.090625
0 0.73203125 0.58984375 0.0859375 0.0953125
0 0.825 0.58984375 0.09296875 0.1109375
0 0.9375 0.57734375 0.12421875 0.13984375
0 0.95625 0.4859375 0.0875 0.0984375
0 0.1921875 0.6296875 0.16640625 0.23125
0 0.3875 0.4078125 0.09453125 0.1828125
0 0.4609375 0.41484375 0.06171875 0.075
1 0.1921875 0.41328125 0.09921875 0.0765625
1 0.23359375 0.5265625 0.2234375 0.20703125