0 0.0546875 0.29453125 0.10859375 0.33125
0 0.76171875 0.29296875 0.10625 0.38671875
0 0.83046875 0.32421875 0.0484375 0.4703125
0 0.91484375 0.3609375 0.1609375 0.715625
0 0.778125 0.61640625 0.04140625 0.1390625
0 0.75234375 0.62109375 0.0296875 0.1078125
0 0.7296875 0.60703125 0.02421875 0.13359375
0 0.7109375 0.62265625 0.02578125 0.08671875
0 0.69375 0.6140625 0.02265625 0.08671875
0 0.66484375 0.60390625 0.028125 0.1140625
0 0.6203125 0.57734375 0.0390625 0.1296875
0 0.6375 0.48359375 0.05078125 0.1125
0 0.5046875 0.50703125 0.08984375 0.0640625
0 0.38671875 0.5859375 0.0640625 0.07421875
0 0.41328125 0.54609375 0.0578125 0.0421875
1 0.190625 0.59375 0.36953125 0.2828125