0 0.12890625 0.540625 0.25625 0.2015625
0 0.31796875 0.58515625 0.146875 0.084375
0 0.4 0.559375 0.059375 0.090625
0 0.62578125 0.4734375 0.040625 0.1078125
0 0.75390625 0.2984375 0.1328125 0.42109375
0 0.86953125 0.2640625 0.1078125 0.4890625
0 0.94296875 0.28984375 0.1140625 0.4765625
0 0.89296875 0.6984375 0.2140625 0.17109375
0 0.78125 0.6265625 0.05078125 0.1578125
0 0.753125 0.6328125 0.046875 0.1390625
0 0.72734375 0.62890625 0.0375 0.16796875
0 0.703125 0.6359375 0.05703125 0.13125
0 0.6640625 0.60390625 0.03359375 0.128125
0 0.58125 0.58125 0.04453125 0.0875
0 0.49296875 0.56796875 0.125 0.1203125