0 0.271875 0.57890625 0.22421875 0.09375
0 0.0734375 0.53046875 0.14140625 0.34453125
0 0.83125 0.24453125 0.22421875 0.48125
0 0.63125 0.46171875 0.07265625 0.10078125
0 0.815625 0.5953125 0.05546875 0.17890625
0 0.915625 0.6140625 0.16796875 0.1875
0 0.7796875 0.6296875 0.04140625 0.13203125
0 0.7453125 0.584375 0.05390625 0.1921875
0 0.5859375 0.57109375 0.05390625 0.07890625
0 0.63125 0.56171875 0.06484375 0.16875
0 0.5109375 0.5609375 0.115625 0.134375
1 0.70390625 0.584375 0.1078125 0.17265625