0 0.109375 0.52421875 0.21796875 0.26640625
0 0.2828125 0.56328125 0.14375 0.09765625
0 0.809375 0.24921875 0.203125 0.45234375
0 0.9359375 0.22578125 0.12734375 0.43125
0 0.9421875 0.6171875 0.10703125 0.23828125
0 0.8609375 0.5796875 0.09140625 0.275
0 0.803125 0.61796875 0.08125 0.146875
0 0.7625 0.6109375 0.04921875 0.1328125
0 0.7375 0.6203125 0.04453125 0.10859375
0 0.7234375 0.59296875 0.0609375 0.16484375
0 0.63828125 0.46796875 0.0421875 0.1015625
0 0.6203125 0.553125 0.0609375 0.153125
0 0.59375 0.57421875 0.0515625 0.078125
0 0.51015625 0.51953125 0.0765625 0.078125