0 0.2875 0.33984375 0.10390625 0.10546875
0 0.4734375 0.4734375 0.040625 0.05546875
0 0.4046875 0.45078125 0.07890625 0.0578125
0 0.30625 0.4859375 0.06640625 0.1984375
0 0.3546875 0.51328125 0.02890625 0.1359375
0 0.3828125 0.52421875 0.02890625 0.1046875
0 0.0515625 0.10625 0.10234375 0.21015625
1 0.15546875 0.4875 0.309375 0.2734375
1 0.09609375 0.29453125 0.190625 0.1515625
1 0.646875 0.48046875 0.21171875 0.26953125
1 0.66796875 0.26171875 0.1484375 0.203125
1 0.865625 0.290625 0.26796875 0.5453125
1 0.93515625 0.51875 0.1296875 0.20234375
1 0.7765625 0.5203125 0.1234375 0.2390625