0 0.296875 0.32421875 0.1125 0.071875
0 0.31171875 0.49140625 0.0625 0.2015625
0 0.3546875 0.51875 0.03125 0.16015625
0 0.384375 0.534375 0.03828125 0.13671875
0 0.41171875 0.49921875 0.0625 0.1515625
0 0.478125 0.46640625 0.0375 0.05546875
1 0.15625 0.478125 0.3109375 0.30546875
1 0.13515625 0.303125 0.1203125 0.12578125
1 0.06171875 0.190625 0.121875 0.37109375
1 0.68125 0.2546875 0.13828125 0.2015625
1 0.659375 0.47734375 0.18515625 0.290625
1 0.54375 0.553125 0.1421875 0.134375
1 0.87265625 0.23828125 0.2546875 0.4078125
1 0.909375 0.5265625 0.059375 0.20703125
1 0.9609375 0.525 0.07734375 0.2078125
1 0.7453125 0.5515625 0.31328125 0.15703125