0 0.275 0.45234375 0.12265625 0.2859375
0 0.35078125 0.51328125 0.028125 0.16484375
0 0.3828125 0.534375 0.040625 0.134375
0 0.40859375 0.44921875 0.078125 0.0796875
0 0.478125 0.4671875 0.040625 0.071875
0 0.53125 0.4734375 0.05234375 0.0421875
0 0.5796875 0.3890625 0.06171875 0.19921875
0 0.296875 0.346875 0.084375 0.12109375
1 0.128125 0.45703125 0.25390625 0.31875
1 0.1171875 0.2765625 0.12890625 0.09375
1 0.05 0.16015625 0.09765625 0.259375
1 0.6828125 0.23125 0.14765625 0.221875
1 0.7859375 0.22890625 0.09375 0.17890625
1 0.8921875 0.2125 0.215625 0.41328125
1 0.740625 0.41875 0.27265625 0.23046875
1 0.6078125 0.58046875 0.31875 0.14375
1 0.8078125 0.571875 0.14375 0.1125