0 0.871875 0.37578125 0.25546875 0.7390625
0 0.69375 0.44296875 0.121875 0.4953125
0 0.6109375 0.4859375 0.06328125 0.33203125
0 0.565625 0.44921875 0.05859375 0.14453125
0 0.0765625 0.403125 0.1515625 0.7203125
0 0.23125 0.35078125 0.16796875 0.678125
0 0.3515625 0.50859375 0.05625 0.2859375
0 0.3953125 0.521875 0.02734375 0.2078125
0 0.415625 0.56171875 0.04453125 0.17890625
0 0.4359375 0.48359375 0.0609375 0.084375
0 0.45546875 0.565625 0.0359375 0.1078125
0 0.496875 0.5359375 0.06171875 0.1359375