0 0.334375 0.51328125 0.05859375 0.25078125
0 0.2890625 0.29609375 0.065625 0.1046875
0 0.284375 0.3265625 0.28984375 0.0546875
0 0.471875 0.4703125 0.08203125 0.16328125
0 0.52421875 0.50078125 0.03125 0.0484375
0 0.596875 0.4421875 0.084375 0.1203125
0 0.7203125 0.27265625 0.190625 0.4375
0 0.884375 0.35390625 0.23046875 0.3015625
1 0.1984375 0.48671875 0.39609375 0.27421875
1 0.89453125 0.44765625 0.2109375 0.4703125
1 0.73046875 0.57109375 0.2296875 0.16328125
1 0.7234375 0.58359375 0.103125 0.1609375