0 0.1296875 0.4078125 0.228125 0.5140625
0 0.29609375 0.32890625 0.071875 0.1046875
0 0.2765625 0.4515625 0.0734375 0.29296875
0 0.3359375 0.49921875 0.04140625 0.203125
0 0.3703125 0.5375 0.02265625 0.16328125
0 0.4015625 0.459375 0.0734375 0.071875
0 0.4203125 0.54453125 0.05546875 0.09296875
0 0.48125 0.46875 0.0390625 0.0875
0 0.5921875 0.39921875 0.06484375 0.19375
0 0.634375 0.41796875 0.03046875 0.1640625
0 0.840625 0.36875 0.31875 0.290625
0 0.7109375 0.5921875 0.40546875 0.140625
0 0.753125 0.27734375 0.2265625 0.39453125