1 0.11015625 0.46796875 0.11796875 0.5734375
1 0.21640625 0.35625 0.07890625 0.64609375
1 0.309375 0.51484375 0.08671875 0.34140625
1 0.871875 0.4390625 0.196875 0.63203125
1 0.7453125 0.10859375 0.27265625 0.196875
1 0.7359375 0.528125 0.12890625 0.46015625
1 0.634375 0.56953125 0.1 0.2890625
1 0.56953125 0.38671875 0.07734375 0.28203125
1 0.52421875 0.46875 0.0625 0.1609375
1 0.40390625 0.5484375 0.04296875 0.25
1 0.3171875 0.53671875 0.134375 0.29375
1 0.44453125 0.5984375 0.0859375 0.14921875