0 0.6859375 0.15859375 0.1984375 0.30703125
0 0.78359375 0.44765625 0.1109375 0.4640625
0 0.878125 0.3859375 0.15390625 0.58828125
1 0.0859375 0.4234375 0.15390625 0.6984375
1 0.22265625 0.47734375 0.1609375 0.41328125
1 0.27734375 0.2484375 0.20390625 0.25
1 0.63515625 0.53984375 0.0796875 0.2890625
1 0.7046875 0.51484375 0.0875 0.31328125
1 0.7640625 0.490625 0.1078125 0.4109375
1 0.60859375 0.56328125 0.12421875 0.23203125
1 0.53984375 0.403125 0.09453125 0.321875
1 0.3140625 0.54765625 0.0578125 0.29921875
1 0.36796875 0.5984375 0.03984375 0.20859375
1 0.40390625 0.565625 0.0421875 0.20546875