1 0.16953125 0.453125 0.128125 0.50859375
1 0.275 0.5046875 0.0578125 0.4046875
1 0.36484375 0.5375 0.12578125 0.27109375
1 0.1953125 0.1734375 0.27109375 0.34453125
1 0.06015625 0.36796875 0.11875 0.5015625
1 0.6015625 0.30078125 0.10625 0.29765625
1 0.5484375 0.42421875 0.04140625 0.15390625
1 0.52265625 0.4671875 0.0515625 0.12265625
1 0.58203125 0.54375 0.10703125 0.30546875
1 0.63671875 0.5484375 0.08828125 0.29765625
1 0.8453125 0.4046875 0.309375 0.67421875
1 0.74296875 0.13984375 0.234375 0.26640625