0 0.4765625 0.190625 0.12109375 0.37265625
0 0.3421875 0.465625 0.10234375 0.27109375
0 0.27265625 0.515625 0.08984375 0.18046875
0 0.2140625 0.46796875 0.17421875 0.2359375
0 0.471875 0.4734375 0.1890625 0.2734375
0 0.5875 0.353125 0.06796875 0.1109375
0 0.6640625 0.4265625 0.06484375 0.153125
0 0.72421875 0.46328125 0.03984375 0.15390625
0 0.8046875 0.3859375 0.14296875 0.36171875
0 0.903125 0.22578125 0.19375 0.42421875
1 0.85546875 0.5234375 0.2265625 0.184375
1 0.625 0.53359375 0.13046875 0.16171875