0 0.51015625 0.28203125 0.075 0.55625
0 0.29375 0.24765625 0.3515625 0.49140625
0 0.06328125 0.234375 0.1203125 0.4546875
0 0.56484375 0.35546875 0.0671875 0.26015625
0 0.63984375 0.409375 0.08203125 0.196875
0 0.771875 0.2734375 0.09765625 0.27421875
0 0.7984375 0.36640625 0.09921875 0.43046875
0 0.896875 0.40859375 0.1890625 0.4359375
1 0.31015625 0.43984375 0.31875 0.434375
1 0.57890625 0.55625 0.20546875 0.134375
1 0.60078125 0.55234375 0.1296875 0.1140625
1 0.775 0.56328125 0.1234375 0.1578125