0 0.54609375 0.29375 0.07109375 0.2734375
0 0.56328125 0.4984375 0.04609375 0.1296875
0 0.6015625 0.4078125 0.0453125 0.13046875
0 0.653125 0.45234375 0.05390625 0.16015625
0 0.70546875 0.46796875 0.03125 0.1328125
0 0.72890625 0.4125 0.05078125 0.24296875
0 0.80234375 0.23046875 0.14453125 0.45
0 0.93125 0.21484375 0.1375 0.4078125
0 0.12265625 0.315625 0.23515625 0.62734375
0 0.36328125 0.1875 0.2421875 0.34609375
0 0.3890625 0.37890625 0.2859375 0.35703125
1 0.878125 0.4609375 0.23671875 0.25234375
1 0.38671875 0.40078125 0.28125 0.3890625