0 0.08125 0.34296875 0.07890625 0.10078125
0 0.15703125 0.3484375 0.06875 0.09453125
0 0.184375 0.1671875 0.06875 0.0796875
0 0.1125 0.15703125 0.06328125 0.08984375
0 0.2875 0.1734375 0.06875 0.0796875
0 0.353125 0.184375 0.0609375 0.08671875
0 0.265625 0.34921875 0.08359375 0.11015625
0 0.34609375 0.3640625 0.0609375 0.1
0 0.4453125 0.371875 0.0625 0.07890625
0 0.5140625 0.36875 0.06328125 0.090625
0 0.51875 0.190625 0.05859375 0.08125
0 0.45703125 0.190625 0.071875 0.0734375
0 0.6234375 0.19453125 0.06953125 0.0875
0 0.6875 0.20078125 0.06484375 0.0828125
0 0.62109375 0.37421875 0.06875 0.0875
0 0.684375 0.37265625 0.05390625 0.08671875
0 0.7859375 0.3875 0.0578125 0.096875
0 0.85234375 0.38203125 0.06875 0.109375
0 0.84375 0.21171875 0.06953125 0.08671875
0 0.775 0.20703125 0.06796875 0.08984375
0 0.9390625 0.2140625 0.06484375 0.084375
0 0.86484375 0.05390625 0.046875 0.07109375
0 0.7984375 0.0515625 0.07734375 0.07890625
0 0.69296875 0.05390625 0.065625 0.0765625
0 0.625 0.05390625 0.06328125 0.07421875
0 0.528125 0.03671875 0.0671875 0.07109375
0 0.4640625 0.03203125 0.05703125 0.0625
0 0.3671875 0.028125 0.05234375 0.0546875