0 0.446875 0.49140625 0.078125 0.084375
0 0.44453125 0.6640625 0.075 0.09375
0 0.5453125 0.6625 0.0828125 0.10546875
0 0.66484375 0.66875 0.0859375 0.11875
0 0.771875 0.6671875 0.084375 0.115625
0 0.88984375 0.6765625 0.0890625 0.11796875
0 0.75234375 0.5015625 0.075 0.0890625
0 0.65234375 0.49921875 0.0796875 0.0921875
0 0.553125 0.4859375 0.07578125 0.090625
0 0.8734375 0.49609375 0.08515625 0.0859375
0 0.96796875 0.49375 0.0640625 0.090625
0 0.9578125 0.36015625 0.07734375 0.0828125
0 0.853125 0.35859375 0.0828125 0.084375
0 0.74453125 0.35234375 0.0765625 0.08515625
0 0.653125 0.35234375 0.08046875 0.06875
0 0.55 0.3609375 0.07734375 0.065625
0 0.453125 0.36015625 0.06875 0.06328125
0 0.22890625 0.2296875 0.0453125 0.059375
0 0.2203125 0.32890625 0.0515625 0.07109375
0 0.209375 0.43125 0.05546875 0.08125
0 0.2015625 0.5484375 0.040625 0.07734375
0 0.1109375 0.23125 0.03984375 0.0703125
0 0.040625 0.2328125 0.04765625 0.06640625
0 0.4546875 0.2359375 0.06171875 0.05859375
0 0.55 0.234375 0.071875 0.05078125
0 0.646875 0.23359375 0.06640625 0.05625
0 0.7390625 0.2390625 0.06484375 0.05625
0 0.840625 0.23515625 0.0828125 0.053125
0 0.9390625 0.23671875 0.07578125 0.0578125
0 0.925 0.1140625 0.06796875 0.0578125
0 0.828125 0.12578125 0.06875 0.06328125
0 0.7359375 0.1265625 0.06328125 0.06171875
0 0.6453125 0.12890625 0.07421875 0.0609375
0 0.553125 0.1265625 0.07734375 0.06171875
0 0.459375 0.125 0.06484375 0.0546875