0 0.4375 0.33125 0.0453125 0.0875
0 0.44140625 0.2046875 0.0390625 0.06875
0 0.4484375 0.0953125 0.04609375 0.0578125
0 0.3265625 0.0921875 0.03671875 0.046875
0 0.3171875 0.2015625 0.0484375 0.08984375
0 0.309375 0.32734375 0.04609375 0.07734375
0 0.1890625 0.3296875 0.05390625 0.06640625
0 0.19921875 0.21484375 0.0546875 0.09375
0 0.215625 0.10078125 0.04765625 0.071875
0 0.0859375 0.1109375 0.02890625 0.0546875
0 0.0703125 0.2140625 0.03984375 0.07890625
0 0.0515625 0.3328125 0.03984375 0.0640625
0 0.5984375 0.321875 0.04453125 0.06953125
0 0.609375 0.1890625 0.03984375 0.07734375
0 0.6046875 0.07890625 0.03828125 0.0640625
0 0.4328125 0.63515625 0.11953125 0.11796875
0 0.57265625 0.6390625 0.1109375 0.12890625
0 0.56875 0.46796875 0.11953125 0.11015625
0 0.434375 0.47265625 0.11953125 0.10546875
0 0.909375 0.25625 0.0234375 0.0453125
0 0.90078125 0.1984375 0.0140625 0.034375
0 0.8625 0.2515625 0.01328125 0.04375
0 0.8265625 0.28984375 0.01015625 0.03828125
0 0.8234375 0.24921875 0.01640625 0.0328125
0 0.74375 0.21875 0.0125 0.021875
0 0.75703125 0.215625 0.009375 0.01953125
0 0.7453125 0.2453125 0.01171875 0.021875
0 0.759375 0.2421875 0.009375 0.0171875
0 0.75859375 0.271875 0.0078125 0.01640625
0 0.7453125 0.2703125 0.015625 0.01875