0 0.309375 0.353125 0.11796875 0.16875
0 0.44375 0.3515625 0.109375 0.1625
0 0.5765625 0.34921875 0.11328125 0.16484375
0 0.7421875 0.3625 0.11171875 0.14140625
0 0.9625 0.35625 0.075 0.1546875
0 0.7265625 0.69140625 0.07890625 0.140625
0 0.8109375 0.69296875 0.08671875 0.1453125
0 0.5703125 0.14453125 0.1140625 0.1484375
0 0.44140625 0.1421875 0.1078125 0.1515625
0 0.315625 0.1453125 0.10703125 0.14921875
0 0.1734375 0.134375 0.06875 0.10546875
0 0.0796875 0.11953125 0.059375 0.08515625
0 0.12421875 0.70859375 0.1046875 0.1515625