0 0.6265625 0.6 0.1484375 0.0828125
0 0.3859375 0.6125 0.190625 0.0890625
0 0.1953125 0.628125 0.18203125 0.0828125
0 0.21484375 0.46015625 0.153125 0.07109375
0 0.396875 0.45390625 0.16875 0.06640625
0 0.615625 0.43046875 0.1421875 0.06328125
0 0.6015625 0.278125 0.14140625 0.0453125
0 0.39296875 0.3140625 0.159375 0.0578125
0 0.22421875 0.33203125 0.1515625 0.078125
0 0.06875 0.36875 0.13671875 0.059375
0 0.078125 0.23984375 0.14296875 0.075
0 0.22578125 0.22265625 0.1296875 0.08203125
0 0.38046875 0.19453125 0.1609375 0.08671875
0 0.58984375 0.15234375 0.134375 0.0765625
0 0.390625 0.0796875 0.16171875 0.0890625
0 0.2234375 0.1171875 0.15234375 0.103125
0 0.0875 0.14140625 0.11796875 0.0796875