0 0.2609375 0.5859375 0.06328125 0.071875
0 0.2703125 0.51015625 0.05859375 0.06171875
0 0.275 0.42890625 0.059375 0.0578125
0 0.2859375 0.3609375 0.04609375 0.0453125
0 0.28984375 0.29765625 0.05625 0.05
0 0.2515625 0.6859375 0.05703125 0.08125
0 0.15234375 0.684375 0.0890625 0.084375
0 0.16796875 0.5921875 0.0703125 0.0671875
0 0.178125 0.5125 0.06796875 0.0515625
0 0.19375 0.4390625 0.06953125 0.0546875
0 0.2046875 0.37421875 0.06015625 0.0609375
0 0.2140625 0.28203125 0.0609375 0.1109375
0 0.13046875 0.29609375 0.0625 0.0984375
0 0.115625 0.38125 0.059375 0.0625
0 0.10078125 0.453125 0.0703125 0.0640625
0 0.09375 0.5234375 0.07109375 0.0625
0 0.06640625 0.60078125 0.0765625 0.0546875
0 0.0546875 0.69375 0.0828125 0.08203125
0 0.03125 0.38671875 0.0609375 0.05078125
0 0.0515625 0.30390625 0.05859375 0.1
0 0.34375 0.5953125 0.02734375 0.05
0 0.3484375 0.52578125 0.02421875 0.06171875
0 0.3546875 0.45390625 0.02421875 0.065625
0 0.3578125 0.39140625 0.02421875 0.0609375
0 0.3625 0.30625 0.01640625 0.11015625
0 0.340625 0.68125 0.025 0.0671875
0 0.3734375 0.6890625 0.02109375 0.0625
0 0.3765625 0.6140625 0.01953125 0.0453125
0 0.3796875 0.5546875 0.02109375 0.0546875
0 0.38359375 0.4984375 0.0171875 0.053125
0 0.384375 0.43828125 0.015625 0.04609375
0 0.390625 0.35390625 0.021875 0.09296875
0 0.409375 0.3953125 0.01875 0.09375
0 0.40703125 0.46796875 0.01875 0.03203125
0 0.40625 0.51796875 0.01640625 0.05
0 0.40390625 0.5703125 0.015625 0.046875
0 0.403125 0.62890625 0.01328125 0.04296875
0 0.82265625 0.50859375 0.0296875 0.0515625
0 0.8 0.52578125 0.01953125 0.0359375
0 0.78125 0.5375 0.0171875 0.0328125