0 0.82109375 0.62109375 0.15625 0.1875
0 0.696875 0.5921875 0.096875 0.16015625
0 0.6984375 0.2984375 0.08359375 0.13671875
0 0.81875 0.27421875 0.1546875 0.2015625
0 0.5703125 0.34296875 0.07890625 0.134375
0 0.515625 0.3734375 0.06796875 0.1203125
0 0.54765625 0.5796875 0.115625 0.1359375
0 0.42421875 0.39453125 0.06875 0.103125
0 0.421875 0.571875 0.0625 0.0953125
0 0.2703125 0.31875 0.03046875 0.03828125
0 0.2671875 0.37578125 0.0203125 0.053125
0 0.296875 0.3828125 0.025 0.046875
0 0.30390625 0.33046875 0.021875 0.04765625
0 0.30078125 0.27109375 0.0203125 0.05
0 0.271875 0.26484375 0.021875 0.0484375
0 0.271875 0.19140625 0.02421875 0.03515625
0 0.30546875 0.2140625 0.025 0.04609375
0 0.275 0.1390625 0.02109375 0.0234375
0 0.309375 0.1578125 0.028125 0.03984375
0 0.2578125 0.0828125 0.02890625 0.05078125
0 0.2859375 0.09453125 0.01875 0.03984375
0 0.3171875 0.1140625 0.0140625 0.0390625
0 0.3421875 0.12109375 0.01171875 0.0375