0 0.3625 0.16796875 0.05859375 0.2328125
0 0.434375 0.196875 0.05390625 0.20703125
0 0.2734375 0.1265625 0.07734375 0.24296875
0 0.54375 0.26953125 0.0359375 0.1875
0 0.2640625 0.61796875 0.09453125 0.18671875
0 0.3515625 0.615625 0.08359375 0.1609375
0 0.4234375 0.59375 0.06171875 0.1421875
0 0.596875 0.2859375 0.0203125 0.15234375
0 0.6296875 0.29375 0.02109375 0.1515625
0 0.659375 0.315625 0.01953125 0.1515625
0 0.65625 0.14765625 0.025 0.115625
0 0.62265625 0.11640625 0.0234375 0.13359375
0 0.596875 0.0875 0.03046875 0.14921875
0 0.54609375 0.0609375 0.03125 0.11875
0 0.6984375 0.340625 0.01796875 0.12578125
0 0.715625 0.34296875 0.028125 0.12578125
0 0.740625 0.35234375 0.02734375 0.1234375
0 0.69296875 0.18125 0.025 0.1078125
0 0.7125 0.1953125 0.02109375 0.1078125
0 0.7328125 0.2140625 0.021875 0.1046875
0 0.6890625 0.059375 0.0125 0.1
0 0.7046875 0.0765625 0.0171875 0.1046875
0 0.728125 0.09921875 0.01875 0.10078125
0 0.75 0.12421875 0.01328125 0.07109375
0 0.76328125 0.14375 0.0078125 0.06953125
0 0.77734375 0.15078125 0.0140625 0.08671875
0 0.759375 0.2453125 0.01171875 0.10546875
0 0.76953125 0.2578125 0.0140625 0.09375
0 0.78203125 0.26953125 0.0171875 0.1
0 0.76171875 0.3765625 0.0125 0.11640625
0 0.77578125 0.3859375 0.0140625 0.10234375
0 0.79140625 0.3890625 0.0171875 0.1078125