0 0.271875 0.128125 0.07890625 0.2515625
0 0.3609375 0.165625 0.0578125 0.246875
0 0.44296875 0.20546875 0.0640625 0.20390625
0 0.26875 0.621875 0.10234375 0.20703125
0 0.359375 0.60859375 0.08828125 0.1765625
0 0.43125 0.60625 0.07109375 0.15234375
0 0.54453125 0.259375 0.0390625 0.17890625
0 0.5453125 0.06953125 0.04296875 0.13671875
0 0.6 0.2828125 0.03671875 0.165625
0 0.63125 0.303125 0.03359375 0.16015625
0 0.665625 0.315625 0.02890625 0.1546875
0 0.59765625 0.0953125 0.025 0.1421875
0 0.628125 0.12734375 0.0265625 0.14375
0 0.65625 0.15 0.02578125 0.125