0 0.1828125 0.17109375 0.0609375 0.07890625
0 0.2953125 0.16328125 0.07109375 0.1015625
0 0.42265625 0.15703125 0.071875 0.10234375
0 0.55 0.1484375 0.08515625 0.0859375
0 0.6984375 0.11640625 0.1 0.078125
0 0.83984375 0.13046875 0.0921875 0.08125
0 0.6890625 0.29765625 0.1 0.1359375
0 0.5484375 0.3015625 0.090625 0.121875
0 0.41796875 0.30390625 0.071875 0.10625
0 0.278125 0.30625 0.08203125 0.13203125
0 0.159375 0.3140625 0.0859375 0.11015625
0 0.06015625 0.31640625 0.0578125 0.09375
0 0.0734375 0.175 0.06953125 0.10078125
0 0.53828125 0.596875 0.1 0.09765625
0 0.7015625 0.6 0.1 0.078125
0 0.696875 0.4703125 0.10859375 0.07109375
0 0.8640625 0.4703125 0.11171875 0.078125
0 0.86953125 0.60390625 0.115625 0.11640625
0 0.546875 0.4734375 0.11484375 0.0875
0 0.40859375 0.48125 0.0953125 0.06875
0 0.2734375 0.4578125 0.08984375 0.06953125
0 0.2703125 0.58359375 0.07890625 0.0890625
0 0.153125 0.4625 0.0875 0.07421875
0 0.146875 0.57890625 0.0765625 0.09296875
0 0.03984375 0.4671875 0.078125 0.07421875
0 0.03671875 0.5671875 0.071875 0.07734375