0 0.5671875 0.21015625 0.075 0.1078125
0 0.5640625 0.33984375 0.08671875 0.1015625
0 0.565625 0.49453125 0.09453125 0.10234375
0 0.775 0.34296875 0.07890625 0.1046875
0 0.76875 0.2046875 0.07265625 0.10625
0 0.93125 0.19453125 0.08203125 0.1078125
0 0.94921875 0.33671875 0.084375 0.13203125
0 0.9640625 0.49765625 0.071875 0.12421875
0 0.79375 0.503125 0.10078125 0.11875
0 0.3609375 0.48203125 0.07734375 0.08515625
0 0.2109375 0.48046875 0.09375 0.09765625
0 0.05625 0.478125 0.08984375 0.08984375
0 0.096875 0.31328125 0.103125 0.08984375
0 0.23203125 0.32890625 0.06875 0.1
0 0.371875 0.34140625 0.06015625 0.10078125
0 0.36796875 0.2015625 0.1 0.13125
0 0.23515625 0.2015625 0.0875 0.13671875
0 0.5734375 0.671875 0.17109375 0.1328125