0 0.5046875 0.30546875 0.08671875 0.08671875
0 0.3953125 0.21796875 0.05390625 0.1203125
0 0.40625 0.3625 0.05234375 0.07109375
0 0.290625 0.31953125 0.03203125 0.0484375
0 0.29375 0.375 0.03515625 0.05078125
0 0.25 0.3203125 0.03046875 0.046875
0 0.24921875 0.378125 0.0375 0.0546875
0 0.2015625 0.325 0.0390625 0.03515625
0 0.2015625 0.37890625 0.02890625 0.0453125
0 0.1546875 0.32421875 0.0296875 0.03515625
0 0.1609375 0.378125 0.03671875 0.0578125
0 0.09375 0.34609375 0.03046875 0.03984375
0 0.0953125 0.396875 0.02890625 0.04296875
0 0.6546875 0.2953125 0.10078125 0.078125
0 0.653125 0.45078125 0.0828125 0.12421875
0 0.50546875 0.46953125 0.0984375 0.1421875
0 0.8125 0.45390625 0.078125 0.13359375
0 0.8109375 0.28203125 0.09375 0.08125
0 0.6484375 0.1078125 0.103125 0.14765625
0 0.49921875 0.1171875 0.090625 0.14453125
0 0.3984375 0.09765625 0.0484375 0.071875
0 0.81015625 0.0796875 0.10625 0.13671875
0 0.965625 0.0828125 0.06171875 0.14375
0 0.965625 0.2796875 0.06796875 0.1015625
0 0.96640625 0.44609375 0.0671875 0.1515625