0 0.6328125 0.28203125 0.0484375 0.1046875
0 0.76171875 0.24296875 0.06015625 0.09609375
0 0.7703125 0.42265625 0.07265625 0.1078125
0 0.63828125 0.440625 0.0625 0.08984375
0 0.6390625 0.6078125 0.05625 0.09296875
0 0.775 0.59765625 0.06640625 0.1015625
0 0.3296875 0.3734375 0.03828125 0.0609375
0 0.3328125 0.496875 0.040625 0.07578125
0 0.33671875 0.6265625 0.0359375 0.07265625
0 0.26640625 0.63359375 0.028125 0.05234375
0 0.26328125 0.51328125 0.034375 0.04921875
0 0.2671875 0.40078125 0.03046875 0.07578125
0 0.06484375 0.459375 0.0203125 0.05234375