0 0.26875 0.28671875 0.02890625 0.13671875
0 0.33125 0.2625 0.03671875 0.1640625
0 0.1875 0.33046875 0.03984375 0.12578125
0 0.1328125 0.3578125 0.03984375 0.14765625
0 0.4453125 0.20234375 0.0546875 0.1421875
0 0.53125 0.1609375 0.0578125 0.15859375
0 0.69453125 0.08203125 0.065625 0.1421875
0 0.81796875 0.0625 0.0796875 0.11484375
0 0.82578125 0.3578125 0.0875 0.27890625
0 0.7015625 0.4046875 0.065625 0.2296875
0 0.52578125 0.43984375 0.06171875 0.20234375
0 0.44375 0.46484375 0.05078125 0.1859375
0 0.32734375 0.49453125 0.04375 0.16953125
0 0.26328125 0.50546875 0.03984375 0.18046875
0 0.134375 0.54609375 0.05078125 0.153125