0 0.28203125 0.1875 0.103125 0.065625
0 0.38984375 0.17890625 0.1 0.059375
0 0.38515625 0.309375 0.11015625 0.08359375
0 0.2765625 0.31875 0.10703125 0.0890625
0 0.275 0.440625 0.11015625 0.08359375
0 0.38671875 0.4375 0.1 0.07734375
0 0.38671875 0.57421875 0.10703125 0.0890625
0 0.271875 0.57421875 0.1234375 0.0890625
0 0.2703125 0.7109375 0.11328125 0.065625
0 0.3796875 0.7140625 0.10703125 0.07109375
0 0.70703125 0.10703125 0.1203125 0.07109375
0 0.70703125 0.246875 0.11328125 0.07734375
0 0.7046875 0.38125 0.1296875 0.0953125
0 0.71328125 0.5390625 0.1265625 0.0890625
0 0.71171875 0.6875 0.11640625 0.0890625