0 0.51953125 0.2625 0.06484375 0.10625
0 0.52578125 0.4640625 0.075 0.103125
0 0.53671875 0.71875 0.08359375 0.15
0 0.38203125 0.715625 0.0765625 0.15625
0 0.39140625 0.459375 0.0734375 0.1375
0 0.4 0.2671875 0.0734375 0.103125
0 0.09140625 0.478125 0.0734375 0.11875
0 0.125 0.2734375 0.06640625 0.128125
0 0.05078125 0.71875 0.08515625 0.1625
0 0.8671875 0.7109375 0.09140625 0.146875
0 0.82890625 0.45625 0.08515625 0.13125
0 0.7984375 0.2609375 0.06328125 0.103125
0 0.93203125 0.2640625 0.0734375 0.103125
0 0.965625 0.4734375 0.06796875 0.140625