0 0.3234375 0.45 0.0640625 0.10546875
0 0.27421875 0.453125 0.04765625 0.0875
0 0.2234375 0.459375 0.040625 0.0875
0 0.17109375 0.459375 0.04375 0.0875
0 0.65078125 0.403125 0.0609375 0.10546875
0 0.55234375 0.53828125 0.06796875 0.10546875
0 0.48671875 0.53828125 0.0640625 0.10546875
0 0.49453125 0.33046875 0.0609375 0.0875
0 0.5609375 0.31875 0.0640625 0.07578125
0 0.84375 0.37734375 0.1015625 0.12265625
0 0.784375 0.184375 0.0640625 0.09921875
0 0.87265625 0.17265625 0.09140625 0.09921875
0 0.65390625 0.2046875 0.04765625 0.08203125
0 0.64375 0.03828125 0.06796875 0.0640625