0 0.56875 0.27890625 0.03984375 0.0875
0 0.62734375 0.28984375 0.0328125 0.065625
0 0.6328125 0.153125 0.03671875 0.065625
0 0.5671875 0.15 0.04375 0.08203125
0 0.490625 0.12265625 0.05078125 0.08203125
0 0.41640625 0.11484375 0.06171875 0.0875
0 0.490625 0.2703125 0.05078125 0.09296875
0 0.48515625 0.4015625 0.04765625 0.07109375
0 0.6984375 0.28984375 0.02890625 0.0546875
0 0.70703125 0.171875 0.04765625 0.07109375
0 0.77109375 0.18046875 0.04375 0.065625
0 0.709375 0.4375 0.02890625 0.065625
0 0.634375 0.42109375 0.0328125 0.065625
0 0.56171875 0.41796875 0.04765625 0.10390625
0 0.49453125 0.54609375 0.065625 0.065625
0 0.5765625 0.5515625 0.0546875 0.0765625
0 0.63671875 0.565625 0.03671875 0.06015625
0 0.7109375 0.55703125 0.03984375 0.0984375