0 0.68359375 0.3859375 0.03359375 0.10546875
0 0.765625 0.41015625 0.01875 0.0796875
0 0.82734375 0.4421875 0.0296875 0.1109375
0 0.89296875 0.47109375 0.0265625 0.0953125
0 0.6875 0.56875 0.03359375 0.10078125
0 0.771875 0.59296875 0.0296875 0.12734375
0 0.82734375 0.6140625 0.0296875 0.10546875
0 0.89296875 0.62421875 0.0265625 0.084375
0 0.89921875 0.7859375 0.0296875 0.1109375
0 0.7734375 0.7671875 0.0265625 0.10546875
0 0.83671875 0.775 0.0265625 0.1109375
0 0.69296875 0.7671875 0.0453125 0.11640625
0 0.43671875 0.76953125 0.04140625 0.10078125
0 0.35234375 0.76953125 0.0453125 0.10078125
0 0.35234375 0.5875 0.0375 0.084375
0 0.43828125 0.56875 0.0296875 0.08984375
0 0.3578125 0.42578125 0.0265625 0.08984375
0 0.434375 0.3890625 0.0296875 0.10078125