0 0.40546875 0.28671875 0.028125 0.0625
0 0.4125 0.159375 0.02109375 0.05703125
0 0.40390625 0.43203125 0.02421875 0.0796875
0 0.3984375 0.61640625 0.028125 0.11953125
0 0.71875 0.60546875 0.03125 0.096875
0 0.70625 0.4375 0.02109375 0.06796875
0 0.69609375 0.2953125 0.02109375 0.06796875
0 0.690625 0.14453125 0.03125 0.05078125
0 0.89296875 0.1421875 0.059375 0.0796875
0 0.90546875 0.28984375 0.05625 0.0796875
0 0.92109375 0.4375 0.059375 0.06796875
0 0.940625 0.6109375 0.0703125 0.08515625
0 0.19765625 0.44296875 0.059375 0.06796875
0 0.18515625 0.61640625 0.06328125 0.1078125
0 0.17109375 0.78984375 0.05625 0.090625
0 0.03828125 0.7953125 0.0703125 0.090625
0 0.31484375 0.784375 0.04921875 0.0796875
0 0.6296875 0.78671875 0.05625 0.08515625
0 0.8203125 0.78984375 0.059375 0.0796875
0 0.96015625 0.78984375 0.059375 0.090625
0 0.72578125 0.80078125 0.0171875 0.10234375
0 0.203125 0.29296875 0.06328125 0.08515625
0 0.21640625 0.15625 0.05625 0.0625