0 0.321875 0.17265625 0.034375 0.103125
0 0.44453125 0.1609375 0.03125 0.08046875
0 0.57109375 0.175 0.04140625 0.0859375
0 0.6765625 0.17265625 0.03125 0.06875
0 0.78046875 0.17265625 0.0453125 0.08046875
0 0.88203125 0.16953125 0.0484375 0.075
0 0.79921875 0.325 0.05546875 0.0859375
0 0.68203125 0.31875 0.05546875 0.109375
0 0.57265625 0.325 0.0453125 0.109375
0 0.31171875 0.31875 0.04140625 0.09765625
0 0.209375 0.17265625 0.05859375 0.0921875
0 0.08828125 0.1640625 0.0453125 0.0859375
0 0.07421875 0.31640625 0.0453125 0.0921875
0 0.03828125 0.52265625 0.06953125 0.1609375
0 0.17109375 0.51171875 0.0453125 0.103125
0 0.44296875 0.50859375 0.05546875 0.109375
0 0.70390625 0.5140625 0.05859375 0.109375
0 0.934375 0.50859375 0.0625 0.109375
0 0.8390625 0.71015625 0.05859375 0.1203125
0 0.58125 0.70390625 0.05546875 0.13203125
0 0.28359375 0.70703125 0.04140625 0.1265625
0 0.02265625 0.71015625 0.03125 0.14375