0 0.52734375 0.37109375 0.0421875 0.071875
0 0.53125 0.265625 0.0421875 0.0671875
0 0.525 0.14140625 0.05390625 0.0671875
0 0.44765625 0.1625 0.03125 0.0671875
0 0.44765625 0.2859375 0.03828125 0.09765625
0 0.45390625 0.40703125 0.01953125 0.071875
0 0.44609375 0.53125 0.034375 0.103125
0 0.62734375 0.5234375 0.01953125 0.0875
0 0.6234375 0.39921875 0.01953125 0.07734375
0 0.61796875 0.29375 0.0234375 0.071875
0 0.671875 0.428125 0.0234375 0.071875
0 0.69921875 0.4484375 0.0234375 0.071875
0 0.6796875 0.54375 0.0234375 0.07734375
0 0.7046875 0.5640625 0.01953125 0.07734375
0 0.6734375 0.65234375 0.02734375 0.07734375
0 0.71015625 0.65703125 0.0234375 0.07734375
0 0.6234375 0.646875 0.034375 0.11875
0 0.5328125 0.64453125 0.05390625 0.103125
0 0.52734375 0.51015625 0.0578125 0.09296875
0 0.44375 0.64921875 0.0234375 0.103125
0 0.39375 0.66015625 0.0234375 0.09296875
0 0.36484375 0.6625 0.01953125 0.0875
0 0.3921875 0.54140625 0.01953125 0.09296875
0 0.37265625 0.54609375 0.02734375 0.0828125
0 0.37421875 0.4359375 0.0234375 0.0671875
0 0.39765625 0.425 0.03125 0.07734375
0 0.40546875 0.321875 0.015625 0.05703125
0 0.378125 0.33984375 0.0234375 0.06171875
0 0.38046875 0.234375 0.01953125 0.0671875
0 0.4015625 0.221875 0.03125 0.06171875