0 0.378125 0.11484375 0.04375 0.065625
0 0.46328125 0.1421875 0.04765625 0.0546875
0 0.54765625 0.12578125 0.0328125 0.04375
0 0.60546875 0.11484375 0.03984375 0.0546875
0 0.6890625 0.08984375 0.02578125 0.04921875
0 0.68203125 0.2078125 0.02578125 0.04375
0 0.678125 0.31953125 0.02578125 0.08203125
0 0.67109375 0.42890625 0.02578125 0.07109375
0 0.53671875 0.31953125 0.01796875 0.03828125
0 0.5765625 0.32265625 0.0328125 0.0546875
0 0.578125 0.22109375 0.03671875 0.07109375
0 0.5421875 0.2265625 0.021875 0.06015625
0 0.534375 0.41796875 0.021875 0.06015625
0 0.57421875 0.42109375 0.03671875 0.0546875
0 0.72734375 0.42890625 0.04375 0.06015625
0 0.72734375 0.3140625 0.0578125 0.07109375
0 0.7328125 0.19921875 0.04765625 0.07109375
0 0.37421875 0.21328125 0.04375 0.065625
0 0.37265625 0.31171875 0.03984375 0.065625
0 0.37109375 0.4125 0.03671875 0.06015625
0 0.18515625 0.153125 0.0578125 0.065625
0 0.1875 0.28125 0.06171875 0.07109375
0 0.18515625 0.39921875 0.065625 0.065625
0 0.9546875 0.4484375 0.0546875 0.0765625
0 0.9578125 0.30625 0.04765625 0.0765625
0 0.96328125 0.16640625 0.03671875 0.08203125
0 0.83671875 0.06796875 0.05078125 0.08203125