0 0.428125 0.43203125 0.059375 0.04765625
0 0.49921875 0.43125 0.07109375 0.05
0 0.584375 0.4296875 0.059375 0.04375
0 0.675 0.42734375 0.0640625 0.04453125
0 0.76015625 0.4296875 0.065625 0.04765625
0 0.8453125 0.43203125 0.06484375 0.04609375
0 0.846875 0.5 0.06171875 0.04375
0 0.76015625 0.50078125 0.071875 0.04296875
0 0.6796875 0.496875 0.065625 0.04765625
0 0.58984375 0.49609375 0.06484375 0.0515625
0 0.49765625 0.50078125 0.0640625 0.05390625
0 0.42578125 0.49765625 0.05234375 0.0453125
0 0.42265625 0.565625 0.06015625 0.06171875
0 0.49921875 0.5640625 0.0546875 0.040625
0 0.58515625 0.56484375 0.06484375 0.0484375
0 0.678125 0.57109375 0.075 0.05
0 0.7609375 0.56171875 0.065625 0.05234375
0 0.84921875 0.56328125 0.0609375 0.0421875
0 0.85078125 0.62890625 0.0703125 0.0546875
0 0.76171875 0.63203125 0.07421875 0.05390625
0 0.67265625 0.628125 0.07421875 0.05
0 0.59140625 0.63203125 0.0546875 0.05234375
0 0.5078125 0.63203125 0.07265625 0.04609375
0 0.4234375 0.6296875 0.059375 0.04453125
0 0.4203125 0.6953125 0.05390625 0.0484375
0 0.5015625 0.696875 0.0671875 0.04609375
0 0.58984375 0.6984375 0.06328125 0.04453125
0 0.67421875 0.69765625 0.06171875 0.03515625
0 0.76328125 0.6984375 0.06171875 0.040625
0 0.8453125 0.69921875 0.059375 0.03828125
0 0.50703125 0.76796875 0.0640625 0.05234375
0 0.41328125 0.7671875 0.071875 0.053125
0 0.59296875 0.76875 0.0578125 0.0453125
0 0.67734375 0.76328125 0.078125 0.05546875
0 0.765625 0.76953125 0.0671875 0.04296875
0 0.8546875 0.76328125 0.07265625 0.04375
0 0.84765625 0.83671875 0.07421875 0.07578125
0 0.29765625 0.484375 0.12578125 0.05
0 0.146875 0.48515625 0.12109375 0.0453125
0 0.15 0.54375 0.1140625 0.04296875
0 0.30078125 0.5453125 0.1078125 0.03046875
0 0.2921875 0.59921875 0.11484375 0.0421875
0 0.1421875 0.603125 0.11875 0.0375
0 0.15625 0.66171875 0.11328125 0.04140625
0 0.29921875 0.6609375 0.1109375 0.0328125
0 0.28984375 0.71953125 0.1203125 0.0421875
0 0.146875 0.721875 0.11171875 0.0375
0 0.15234375 0.77421875 0.11796875 0.0296875
0 0.2953125 0.77578125 0.1140625 0.03671875