0 0.48515625 0.18828125 0.03984375 0.07109375
0 0.4890625 0.303125 0.06171875 0.08203125
0 0.49453125 0.415625 0.05078125 0.0765625
0 0.49296875 0.540625 0.0328125 0.0765625
0 0.49296875 0.66640625 0.06875 0.0765625
0 0.49453125 0.784375 0.07265625 0.07109375
0 0.4984375 0.89375 0.05078125 0.06015625
0 0.30546875 0.21328125 0.02890625 0.0765625
0 0.321875 0.31953125 0.0546875 0.07109375
0 0.3203125 0.434375 0.05078125 0.07109375
0 0.3109375 0.5546875 0.04765625 0.09296875
0 0.32578125 0.66953125 0.06171875 0.07109375
0 0.3234375 0.7953125 0.0578125 0.08203125
0 0.31640625 0.9125 0.065625 0.0765625