0 0.72578125 0.08984375 0.02578125 0.04921875
0 0.7234375 0.14453125 0.02890625 0.04921875
0 0.72578125 0.21015625 0.01796875 0.03828125
0 0.7203125 0.27890625 0.02890625 0.0546875
0 0.72578125 0.35 0.02578125 0.04375
0 0.72578125 0.415625 0.02578125 0.04375
0 0.6796875 0.10625 0.02890625 0.03828125
0 0.6765625 0.1640625 0.01484375 0.04375
0 0.68203125 0.2265625 0.01796875 0.03828125
0 0.6796875 0.2921875 0.021875 0.03828125
0 0.68203125 0.346875 0.01796875 0.04921875
0 0.68203125 0.41796875 0.02578125 0.03828125
0 0.6796875 0.48125 0.021875 0.04375
0 0.6796875 0.54609375 0.021875 0.0328125
0 0.68203125 0.609375 0.01796875 0.03828125
0 0.6421875 0.60625 0.02578125 0.0546875
0 0.64765625 0.5515625 0.021875 0.04375
0 0.63984375 0.48671875 0.021875 0.04375
0 0.6453125 0.4265625 0.01796875 0.0328125
0 0.64375 0.3609375 0.01484375 0.0328125
0 0.64765625 0.29765625 0.01484375 0.02734375
0 0.6421875 0.24296875 0.01796875 0.03828125
0 0.63984375 0.18046875 0.01484375 0.04375
0 0.64375 0.12578125 0.02890625 0.0328125
0 0.60390625 0.12578125 0.021875 0.04375
0 0.6109375 0.18046875 0.021875 0.04375
0 0.60703125 0.240625 0.021875 0.04375
0 0.60546875 0.31171875 0.0328125 0.04375
0 0.60390625 0.36875 0.02890625 0.04921875
0 0.60546875 0.4265625 0.0328125 0.04375
0 0.60390625 0.4890625 0.02890625 0.03828125
0 0.60546875 0.54609375 0.02578125 0.0328125
0 0.6015625 0.61171875 0.02578125 0.0328125