0 0.5421875 0.678125 0.02734375 0.05703125
0 0.5421875 0.57734375 0.02734375 0.0515625
0 0.540625 0.471875 0.03125 0.05703125
0 0.53828125 0.37890625 0.02734375 0.04609375
0 0.60390625 0.425 0.0421875 0.0671875
0 0.66953125 0.471875 0.034375 0.05703125
0 0.72421875 0.51015625 0.02734375 0.0515625
0 0.76640625 0.54609375 0.02734375 0.0515625
0 0.80859375 0.571875 0.02734375 0.0515625
0 0.8453125 0.5953125 0.0234375 0.04609375
0 0.61015625 0.5125 0.04609375 0.05703125
0 0.6140625 0.61328125 0.03125 0.071875
0 0.61796875 0.721875 0.03828125 0.0828125
0 0.55234375 0.79609375 0.03828125 0.0671875
0 0.62734375 0.825 0.0421875 0.071875
0 0.6953125 0.84765625 0.03125 0.05703125
0 0.6875 0.75234375 0.03125 0.06171875
0 0.6796875 0.6546875 0.03125 0.06171875
0 0.67734375 0.56171875 0.0421875 0.06171875
0 0.721875 0.59296875 0.0234375 0.0515625
0 0.73203125 0.68046875 0.01953125 0.0515625
0 0.74296875 0.7703125 0.01953125 0.05703125
0 0.753125 0.865625 0.0234375 0.06171875
0 0.78984375 0.79375 0.02734375 0.071875
0 0.7796875 0.70625 0.0234375 0.04140625
0 0.77421875 0.6265625 0.02734375 0.05703125
0 0.81484375 0.65234375 0.03125 0.05703125
0 0.83046875 0.7296875 0.0234375 0.04609375
0 0.8359375 0.821875 0.02734375 0.0671875
0 0.79765625 0.89140625 0.02734375 0.0515625
0 0.84921875 0.90703125 0.03125 0.06171875
0 0.85546875 0.678125 0.01953125 0.05703125
0 0.86328125 0.7578125 0.01953125 0.0515625
0 0.87265625 0.8375 0.015625 0.05703125
0 0.88984375 0.925 0.01953125 0.05703125
0 0.42890625 0.384375 0.03125 0.0671875
0 0.42890625 0.48203125 0.03125 0.07734375
0 0.425 0.5828125 0.03125 0.09296875
0 0.42109375 0.68828125 0.03828125 0.0875
0 0.41875 0.80703125 0.034375 0.0875
0 0.3515625 0.8328125 0.03125 0.07734375
0 0.353125 0.7265625 0.02734375 0.06171875
0 0.36328125 0.6234375 0.03125 0.06171875
0 0.36640625 0.528125 0.03125 0.05703125
0 0.36640625 0.43828125 0.03125 0.0515625
0 0.3109375 0.4921875 0.0421875 0.05703125
0 0.3046875 0.57734375 0.03125 0.06171875
0 0.30078125 0.6671875 0.03125 0.0671875
0 0.2953125 0.76796875 0.034375 0.06171875
0 0.28984375 0.86328125 0.0234375 0.05703125
0 0.24140625 0.88671875 0.02734375 0.0515625
0 0.2453125 0.79140625 0.01953125 0.05703125
0 0.253125 0.70078125 0.01953125 0.0515625
0 0.25859375 0.60859375 0.0078125 0.0515625
0 0.2625 0.5359375 0.0234375 0.04140625