0 0.58515625 0.409375 0.10859375 0.1921875
0 0.57421875 0.15078125 0.10078125 0.1921875
0 0.3125 0.20078125 0.046875 0.1046875
0 0.303125 0.37890625 0.04296875 0.11015625
0 0.28671875 0.58828125 0.06875 0.15390625
0 0.27421875 0.8046875 0.071875 0.1375
0 0.409375 0.753125 0.090625 0.16484375
0 0.5828125 0.70078125 0.140625 0.1921875
0 0.13203125 0.51640625 0.046875 0.11015625
0 0.10625 0.6921875 0.03984375 0.13203125
0 0.09765625 0.85703125 0.0359375 0.09921875
0 0.1765625 0.83828125 0.05078125 0.115625
0 0.06875 0.56875 0.0359375 0.08203125
0 0.0828125 0.43125 0.0359375 0.09375
0 0.86484375 0.3875 0.046875 0.1484375
0 0.846875 0.203125 0.025 0.12109375
0 0.884375 0.5796875 0.04296875 0.1375