0 0.634375 0.13828125 0.02578125 0.02734375
0 0.634375 0.1734375 0.02578125 0.021875
0 0.6359375 0.2109375 0.02265625 0.02578125
0 0.63125 0.246875 0.03125 0.03125
0 0.63515625 0.284375 0.0296875 0.021875
0 0.6359375 0.3203125 0.02890625 0.0265625
0 0.6359375 0.35390625 0.02578125 0.02265625
0 0.63203125 0.38828125 0.02734375 0.02578125
0 0.63125 0.41875 0.034375 0.0203125
0 0.6359375 0.45625 0.02265625 0.021875
0 0.6328125 0.49140625 0.02890625 0.025
0 0.63359375 0.52421875 0.02734375 0.0234375
0 0.63671875 0.5609375 0.0296875 0.0296875
0 0.634375 0.59453125 0.02890625 0.02265625
0 0.6375 0.628125 0.02578125 0.02265625
0 0.63984375 0.66484375 0.02265625 0.02578125
0 0.63984375 0.70078125 0.02265625 0.0171875
0 0.63671875 0.73359375 0.02421875 0.021875
0 0.6421875 0.775 0.0296875 0.02265625
0 0.6375 0.8078125 0.0328125 0.02578125
0 0.640625 0.8421875 0.0328125 0.02578125